FID	id	left	top	right	bottom	NUMPOINTS	QuadradoDoNumPonto				
0	232	-29856,0071	-11015,7346	-24856,0071	-16015,7346	10	100				
1	408	5143,9929	-16015,7346	10143,9929	-21015,7346	1	1				
2	364	-4856,0071	-46015,7346	143,9929	-51015,7346	0	0				
3	331	-9856,0071	-6015,7346	-4856,0071	-11015,7346	2	4				
4	346	-9856,0071	-81015,7346	-4856,0071	-86015,7346	0	0				
5	202	-34856,0071	13984,2654	-29856,0071	8984,2654	4	16				
6	297	-19856,0071	-86015,7346	-14856,0071	-91015,7346	0	0				
7	215	-34856,0071	-51015,7346	-29856,0071	-56015,7346	0	0				
8	132	-49856,0071	-11015,7346	-44856,0071	-16015,7346	1	1				
9	508	25143,9929	-16015,7346	30143,9929	-21015,7346	0	0				
10	506	25143,9929	-6015,7346	30143,9929	-11015,7346	0	0				
11	218	-34856,0071	-66015,7346	-29856,0071	-71015,7346	0	0				
12	147	-49856,0071	-86015,7346	-44856,0071	-91015,7346	2	4				
13	127	-49856,0071	13984,2654	-44856,0071	8984,2654	3	9				
14	201	-34856,0071	18984,2654	-29856,0071	13984,2654	5	25				
15	413	5143,9929	-41015,7346	10143,9929	-46015,7346	0	0				
16	285	-19856,0071	-26015,7346	-14856,0071	-31015,7346	3	9				
17	243	-29856,0071	-66015,7346	-24856,0071	-71015,7346	0	0				
18	185	-39856,0071	-26015,7346	-34856,0071	-31015,7346	2	4				
19	405	5143,9929	-1015,7346	10143,9929	-6015,7346	1	1				
20	84	-59856,0071	-21015,7346	-54856,0071	-26015,7346	4	16				
21	156	-44856,0071	-6015,7346	-39856,0071	-11015,7346	1	1				
22	362	-4856,0071	-36015,7346	143,9929	-41015,7346	0	0				
23	62	-64856,0071	-36015,7346	-59856,0071	-41015,7346	6	36				
24	479	20143,9929	3984,2654	25143,9929	-1015,7346	0	0				
25	23	-74856,0071	-91015,7346	-69856,0071	-96015,7346	0	0				
26	88	-59856,0071	-41015,7346	-54856,0071	-46015,7346	8	64				
27	70	-64856,0071	-76015,7346	-59856,0071	-81015,7346	1	1				
28	176	-39856,0071	18984,2654	-34856,0071	13984,2654	0	0				
29	91	-59856,0071	-56015,7346	-54856,0071	-61015,7346	4	16				
30	268	-24856,0071	-66015,7346	-19856,0071	-71015,7346	0	0				
31	213	-34856,0071	-41015,7346	-29856,0071	-46015,7346	3	9				
32	177	-39856,0071	13984,2654	-34856,0071	8984,2654	1	1				
33	240	-29856,0071	-51015,7346	-24856,0071	-56015,7346	0	0				
34	380	143,9929	-1015,7346	5143,9929	-6015,7346	0	0				
35	61	-64856,0071	-31015,7346	-59856,0071	-36015,7346	0	0				
36	198	-39856,0071	-91015,7346	-34856,0071	-96015,7346	4	16				
37	11	-74856,0071	-31015,7346	-69856,0071	-36015,7346	5	25				
38	245	-29856,0071	-76015,7346	-24856,0071	-81015,7346	2	4				
39	327	-9856,0071	13984,2654	-4856,0071	8984,2654	0	0				
40	312	-14856,0071	-36015,7346	-9856,0071	-41015,7346	1	1				
41	230	-29856,0071	-1015,7346	-24856,0071	-6015,7346	5	25				
42	128	-49856,0071	8984,2654	-44856,0071	3984,2654	1	1				
43	162	-44856,0071	-36015,7346	-39856,0071	-41015,7346	2	4				
44	190	-39856,0071	-51015,7346	-34856,0071	-56015,7346	8	64				
45	435	10143,9929	-26015,7346	15143,9929	-31015,7346	0	0				
46	166	-44856,0071	-56015,7346	-39856,0071	-61015,7346	9	81				
47	164	-44856,0071	-46015,7346	-39856,0071	-51015,7346	4	16				
48	171	-44856,0071	-81015,7346	-39856,0071	-86015,7346	4	16				
49	199	-39856,0071	-96015,7346	-34856,0071	-101015,7346	1	1				
50	301	-14856,0071	18984,2654	-9856,0071	13984,2654	0	0				
51	59	-64856,0071	-21015,7346	-59856,0071	-26015,7346	1	1				
52	360	-4856,0071	-26015,7346	143,9929	-31015,7346	2	4				
53	241	-29856,0071	-56015,7346	-24856,0071	-61015,7346	0	0				
54	74	-64856,0071	-96015,7346	-59856,0071	-101015,7346	0	0				
55	306	-14856,0071	-6015,7346	-9856,0071	-11015,7346	2	4				
56	48	-69856,0071	-91015,7346	-64856,0071	-96015,7346	3	9				
57	206	-34856,0071	-6015,7346	-29856,0071	-11015,7346	4	16				
58	160	-44856,0071	-26015,7346	-39856,0071	-31015,7346	6	36				
59	406	5143,9929	-6015,7346	10143,9929	-11015,7346	3	9				
60	100	-59856,0071	-101015,7346	-54856,0071	-106015,7346	0	0				
61	383	143,9929	-16015,7346	5143,9929	-21015,7346	1	1				
62	270	-24856,0071	-76015,7346	-19856,0071	-81015,7346	1	1				
63	87	-59856,0071	-36015,7346	-54856,0071	-41015,7346	2	4				
64	358	-4856,0071	-16015,7346	143,9929	-21015,7346	8	64				
65	315	-14856,0071	-51015,7346	-9856,0071	-56015,7346	0	0				
66	344	-9856,0071	-71015,7346	-4856,0071	-76015,7346	0	0				
67	379	143,9929	3984,2654	5143,9929	-1015,7346	0	0				
68	291	-19856,0071	-56015,7346	-14856,0071	-61015,7346	0	0				
69	152	-44856,0071	13984,2654	-39856,0071	8984,2654	0	0				
70	182	-39856,0071	-11015,7346	-34856,0071	-16015,7346	9	81				
71	159	-44856,0071	-21015,7346	-39856,0071	-26015,7346	6	36				
72	139	-49856,0071	-46015,7346	-44856,0071	-51015,7346	13	169				
73	347	-9856,0071	-86015,7346	-4856,0071	-91015,7346	0	0				
74	187	-39856,0071	-36015,7346	-34856,0071	-41015,7346	5	25				
75	431	10143,9929	-6015,7346	15143,9929	-11015,7346	0	0				
76	208	-34856,0071	-16015,7346	-29856,0071	-21015,7346	6	36				
77	24	-74856,0071	-96015,7346	-69856,0071	-101015,7346	0	0				
78	278	-19856,0071	8984,2654	-14856,0071	3984,2654	3	9				
79	264	-24856,0071	-46015,7346	-19856,0071	-51015,7346	0	0				
80	257	-24856,0071	-11015,7346	-19856,0071	-16015,7346	10	100				
81	436	10143,9929	-31015,7346	15143,9929	-36015,7346	0	0				
82	161	-44856,0071	-31015,7346	-39856,0071	-36015,7346	5	25				
83	261	-24856,0071	-31015,7346	-19856,0071	-36015,7346	0	0				
84	287	-19856,0071	-36015,7346	-14856,0071	-41015,7346	4	16				
85	336	-9856,0071	-31015,7346	-4856,0071	-36015,7346	1	1				
86	410	5143,9929	-26015,7346	10143,9929	-31015,7346	1	1				
87	279	-19856,0071	3984,2654	-14856,0071	-1015,7346	6	36				
88	117	-54856,0071	-61015,7346	-49856,0071	-66015,7346	5	25				
89	348	-9856,0071	-91015,7346	-4856,0071	-96015,7346	0	0				
90	304	-14856,0071	3984,2654	-9856,0071	-1015,7346	1	1				
91	192	-39856,0071	-61015,7346	-34856,0071	-66015,7346	2	4				
92	40	-69856,0071	-51015,7346	-64856,0071	-56015,7346	6	36				
93	429	10143,9929	3984,2654	15143,9929	-1015,7346	5	25				
94	482	20143,9929	-11015,7346	25143,9929	-16015,7346	1	1				
95	120	-54856,0071	-76015,7346	-49856,0071	-81015,7346	5	25				
96	123	-54856,0071	-91015,7346	-49856,0071	-96015,7346	0	0				
97	507	25143,9929	-11015,7346	30143,9929	-16015,7346	0	0				
98	67	-64856,0071	-61015,7346	-59856,0071	-66015,7346	0	0				
99	39	-69856,0071	-46015,7346	-64856,0071	-51015,7346	1	1				
100	269	-24856,0071	-71015,7346	-19856,0071	-76015,7346	0	0				
101	284	-19856,0071	-21015,7346	-14856,0071	-26015,7346	11	121				
102	210	-34856,0071	-26015,7346	-29856,0071	-31015,7346	4	16				
103	137	-49856,0071	-36015,7346	-44856,0071	-41015,7346	7	49				
104	114	-54856,0071	-46015,7346	-49856,0071	-51015,7346	5	25				
105	332	-9856,0071	-11015,7346	-4856,0071	-16015,7346	3	9				
106	135	-49856,0071	-26015,7346	-44856,0071	-31015,7346	7	49				
107	129	-49856,0071	3984,2654	-44856,0071	-1015,7346	0	0				
108	359	-4856,0071	-21015,7346	143,9929	-26015,7346	10	100				
109	247	-29856,0071	-86015,7346	-24856,0071	-91015,7346	1	1				
110	204	-34856,0071	3984,2654	-29856,0071	-1015,7346	13	169				
111	374	-4856,0071	-96015,7346	143,9929	-101015,7346	0	0				
112	212	-34856,0071	-36015,7346	-29856,0071	-41015,7346	3	9				
113	305	-14856,0071	-1015,7346	-9856,0071	-6015,7346	13	169				
114	238	-29856,0071	-41015,7346	-24856,0071	-46015,7346	2	4				
115	236	-29856,0071	-31015,7346	-24856,0071	-36015,7346	2	4				
116	288	-19856,0071	-41015,7346	-14856,0071	-46015,7346	0	0				
117	323	-14856,0071	-91015,7346	-9856,0071	-96015,7346	0	0				
118	234	-29856,0071	-21015,7346	-24856,0071	-26015,7346	13	169				
119	10	-74856,0071	-26015,7346	-69856,0071	-31015,7346	1	1				
120	107	-54856,0071	-11015,7346	-49856,0071	-16015,7346	0	0				
121	60	-64856,0071	-26015,7346	-59856,0071	-31015,7346	5	25				
122	216	-34856,0071	-56015,7346	-29856,0071	-61015,7346	1	1				
123	69	-64856,0071	-71015,7346	-59856,0071	-76015,7346	1	1				
124	13	-74856,0071	-41015,7346	-69856,0071	-46015,7346	1	1				
125	144	-49856,0071	-71015,7346	-44856,0071	-76015,7346	0	0				
126	316	-14856,0071	-56015,7346	-9856,0071	-61015,7346	0	0				
127	233	-29856,0071	-16015,7346	-24856,0071	-21015,7346	9	81				
128	280	-19856,0071	-1015,7346	-14856,0071	-6015,7346	2	4				
129	481	20143,9929	-6015,7346	25143,9929	-11015,7346	1	1				
130	244	-29856,0071	-71015,7346	-24856,0071	-76015,7346	7	49				
131	231	-29856,0071	-6015,7346	-24856,0071	-11015,7346	10	100				
132	273	-24856,0071	-91015,7346	-19856,0071	-96015,7346	0	0				
133	254	-24856,0071	3984,2654	-19856,0071	-1015,7346	5	25				
134	168	-44856,0071	-66015,7346	-39856,0071	-71015,7346	5	25				
135	45	-69856,0071	-76015,7346	-64856,0071	-81015,7346	0	0				
136	361	-4856,0071	-31015,7346	143,9929	-36015,7346	2	4				
137	63	-64856,0071	-41015,7346	-59856,0071	-46015,7346	11	121				
138	130	-49856,0071	-1015,7346	-44856,0071	-6015,7346	6	36				
139	228	-29856,0071	8984,2654	-24856,0071	3984,2654	7	49				
140	194	-39856,0071	-71015,7346	-34856,0071	-76015,7346	3	9				
141	221	-34856,0071	-81015,7346	-29856,0071	-86015,7346	0	0				
142	183	-39856,0071	-16015,7346	-34856,0071	-21015,7346	8	64				
143	308	-14856,0071	-16015,7346	-9856,0071	-21015,7346	2	4				
144	255	-24856,0071	-1015,7346	-19856,0071	-6015,7346	3	9				
145	122	-54856,0071	-86015,7346	-49856,0071	-91015,7346	3	9				
146	93	-59856,0071	-66015,7346	-54856,0071	-71015,7346	1	1				
147	180	-39856,0071	-1015,7346	-34856,0071	-6015,7346	6	36				
148	412	5143,9929	-36015,7346	10143,9929	-41015,7346	2	4				
149	169	-44856,0071	-71015,7346	-39856,0071	-76015,7346	0	0				
150	186	-39856,0071	-31015,7346	-34856,0071	-36015,7346	5	25				
151	227	-29856,0071	13984,2654	-24856,0071	8984,2654	3	9				
152	311	-14856,0071	-31015,7346	-9856,0071	-36015,7346	0	0				
153	248	-29856,0071	-91015,7346	-24856,0071	-96015,7346	2	4				
154	267	-24856,0071	-61015,7346	-19856,0071	-66015,7346	0	0				
155	262	-24856,0071	-36015,7346	-19856,0071	-41015,7346	3	9				
156	66	-64856,0071	-56015,7346	-59856,0071	-61015,7346	5	25				
157	338	-9856,0071	-41015,7346	-4856,0071	-46015,7346	0	0				
158	349	-9856,0071	-96015,7346	-4856,0071	-101015,7346	0	0				
159	179	-39856,0071	3984,2654	-34856,0071	-1015,7346	3	9				
160	181	-39856,0071	-6015,7346	-34856,0071	-11015,7346	0	0				
161	111	-54856,0071	-31015,7346	-49856,0071	-36015,7346	3	9				
162	172	-44856,0071	-86015,7346	-39856,0071	-91015,7346	2	4				
163	109	-54856,0071	-21015,7346	-49856,0071	-26015,7346	13	169				
164	50	-69856,0071	-101015,7346	-64856,0071	-106015,7346	3	9				
165	41	-69856,0071	-56015,7346	-64856,0071	-61015,7346	0	0				
166	321	-14856,0071	-81015,7346	-9856,0071	-86015,7346	1	1				
167	388	143,9929	-41015,7346	5143,9929	-46015,7346	0	0				
168	357	-4856,0071	-11015,7346	143,9929	-16015,7346	8	64				
169	265	-24856,0071	-51015,7346	-19856,0071	-56015,7346	1	1				
170	263	-24856,0071	-41015,7346	-19856,0071	-46015,7346	0	0				
171	142	-49856,0071	-61015,7346	-44856,0071	-66015,7346	1	1				
172	112	-54856,0071	-36015,7346	-49856,0071	-41015,7346	6	36				
173	433	10143,9929	-16015,7346	15143,9929	-21015,7346	0	0				
174	286	-19856,0071	-31015,7346	-14856,0071	-36015,7346	0	0				
175	271	-24856,0071	-81015,7346	-19856,0071	-86015,7346	0	0				
176	256	-24856,0071	-6015,7346	-19856,0071	-11015,7346	13	169				
177	333	-9856,0071	-16015,7346	-4856,0071	-21015,7346	6	36				
178	428	10143,9929	8984,2654	15143,9929	3984,2654	0	0				
179	178	-39856,0071	8984,2654	-34856,0071	3984,2654	0	0				
180	37	-69856,0071	-36015,7346	-64856,0071	-41015,7346	8	64				
181	363	-4856,0071	-41015,7346	143,9929	-46015,7346	0	0				
182	330	-9856,0071	-1015,7346	-4856,0071	-6015,7346	0	0				
183	153	-44856,0071	8984,2654	-39856,0071	3984,2654	2	4				
184	143	-49856,0071	-66015,7346	-44856,0071	-71015,7346	13	169				
185	125	-54856,0071	-101015,7346	-49856,0071	-106015,7346	0	0				
186	75	-64856,0071	-101015,7346	-59856,0071	-106015,7346	0	0				
187	38	-69856,0071	-41015,7346	-64856,0071	-46015,7346	6	36				
188	235	-29856,0071	-26015,7346	-24856,0071	-31015,7346	4	16				
189	430	10143,9929	-1015,7346	15143,9929	-6015,7346	0	0				
190	281	-19856,0071	-6015,7346	-14856,0071	-11015,7346	10	100				
191	138	-49856,0071	-41015,7346	-44856,0071	-46015,7346	1	1				
192	345	-9856,0071	-76015,7346	-4856,0071	-81015,7346	0	0				
193	372	-4856,0071	-86015,7346	143,9929	-91015,7346	0	0				
194	99	-59856,0071	-96015,7346	-54856,0071	-101015,7346	0	0				
195	384	143,9929	-21015,7346	5143,9929	-26015,7346	1	1				
196	157	-44856,0071	-11015,7346	-39856,0071	-16015,7346	2	4				
197	49	-69856,0071	-96015,7346	-64856,0071	-101015,7346	6	36				
198	386	143,9929	-31015,7346	5143,9929	-36015,7346	1	1				
199	73	-64856,0071	-91015,7346	-59856,0071	-96015,7346	2	4				
200	124	-54856,0071	-96015,7346	-49856,0071	-101015,7346	0	0				
201	34	-69856,0071	-21015,7346	-64856,0071	-26015,7346	1	1				
202	224	-34856,0071	-96015,7346	-29856,0071	-101015,7346	0	0				
203	116	-54856,0071	-56015,7346	-49856,0071	-61015,7346	1	1				
204	409	5143,9929	-21015,7346	10143,9929	-26015,7346	6	36				
205	266	-24856,0071	-56015,7346	-19856,0071	-61015,7346	0	0				
206	229	-29856,0071	3984,2654	-24856,0071	-1015,7346	1	1				
207	64	-64856,0071	-46015,7346	-59856,0071	-51015,7346	5	25				
208	373	-4856,0071	-91015,7346	143,9929	-96015,7346	0	0				
209	399	143,9929	-96015,7346	5143,9929	-101015,7346	0	0				
210	302	-14856,0071	13984,2654	-9856,0071	8984,2654	3	9				
211	146	-49856,0071	-81015,7346	-44856,0071	-86015,7346	3	9				
212	411	5143,9929	-31015,7346	10143,9929	-36015,7346	0	0				
213	432	10143,9929	-11015,7346	15143,9929	-16015,7346	1	1				
214	188	-39856,0071	-41015,7346	-34856,0071	-46015,7346	4	16				
215	90	-59856,0071	-51015,7346	-54856,0071	-56015,7346	13	169				
216	337	-9856,0071	-36015,7346	-4856,0071	-41015,7346	0	0				
217	455	15143,9929	-1015,7346	20143,9929	-6015,7346	0	0				
218	119	-54856,0071	-71015,7346	-49856,0071	-76015,7346	5	25				
219	403	5143,9929	8984,2654	10143,9929	3984,2654	0	0				
220	307	-14856,0071	-11015,7346	-9856,0071	-16015,7346	2	4				
221	133	-49856,0071	-16015,7346	-44856,0071	-21015,7346	2	4				
222	320	-14856,0071	-76015,7346	-9856,0071	-81015,7346	1	1				
223	340	-9856,0071	-51015,7346	-4856,0071	-56015,7346	0	0				
224	141	-49856,0071	-56015,7346	-44856,0071	-61015,7346	2	4				
225	239	-29856,0071	-46015,7346	-24856,0071	-51015,7346	0	0				
226	295	-19856,0071	-76015,7346	-14856,0071	-81015,7346	0	0				
227	276	-19856,0071	18984,2654	-14856,0071	13984,2654	0	0				
228	355	-4856,0071	-1015,7346	143,9929	-6015,7346	0	0				
229	335	-9856,0071	-26015,7346	-4856,0071	-31015,7346	3	9				
230	205	-34856,0071	-1015,7346	-29856,0071	-6015,7346	7	49				
231	290	-19856,0071	-51015,7346	-14856,0071	-56015,7346	0	0				
232	47	-69856,0071	-86015,7346	-64856,0071	-91015,7346	1	1				
233	140	-49856,0071	-51015,7346	-44856,0071	-56015,7346	9	81				
234	381	143,9929	-6015,7346	5143,9929	-11015,7346	1	1				
235	115	-54856,0071	-51015,7346	-49856,0071	-56015,7346	6	36				
236	22	-74856,0071	-86015,7346	-69856,0071	-91015,7346	0	0				
237	309	-14856,0071	-21015,7346	-9856,0071	-26015,7346	3	9				
238	322	-14856,0071	-86015,7346	-9856,0071	-91015,7346	0	0				
239	457	15143,9929	-11015,7346	20143,9929	-16015,7346	0	0				
240	303	-14856,0071	8984,2654	-9856,0071	3984,2654	3	9				
241	196	-39856,0071	-81015,7346	-34856,0071	-86015,7346	1	1				
242	382	143,9929	-11015,7346	5143,9929	-16015,7346	3	9				
243	296	-19856,0071	-81015,7346	-14856,0071	-86015,7346	0	0				
244	404	5143,9929	3984,2654	10143,9929	-1015,7346	1	1				
245	134	-49856,0071	-21015,7346	-44856,0071	-26015,7346	8	64				
246	46	-69856,0071	-81015,7346	-64856,0071	-86015,7346	4	16				
247	329	-9856,0071	3984,2654	-4856,0071	-1015,7346	0	0				
248	65	-64856,0071	-51015,7346	-59856,0071	-56015,7346	7	49				
249	214	-34856,0071	-46015,7346	-29856,0071	-51015,7346	1	1				
250	158	-44856,0071	-16015,7346	-39856,0071	-21015,7346	21	441				
251	334	-9856,0071	-21015,7346	-4856,0071	-26015,7346	18	324				
252	193	-39856,0071	-66015,7346	-34856,0071	-71015,7346	2	4				
253	97	-59856,0071	-86015,7346	-54856,0071	-91015,7346	1	1				
254	454	15143,9929	3984,2654	20143,9929	-1015,7346	0	0				
255	98	-59856,0071	-91015,7346	-54856,0071	-96015,7346	0	0				
256	173	-44856,0071	-91015,7346	-39856,0071	-96015,7346	0	0				
257	252	-24856,0071	13984,2654	-19856,0071	8984,2654	0	0				
258	68	-64856,0071	-66015,7346	-59856,0071	-71015,7346	0	0				
259	319	-14856,0071	-71015,7346	-9856,0071	-76015,7346	0	0				
260	317	-14856,0071	-61015,7346	-9856,0071	-66015,7346	0	0				
261	86	-59856,0071	-31015,7346	-54856,0071	-36015,7346	1	1				
262	165	-44856,0071	-51015,7346	-39856,0071	-56015,7346	8	64				
263	203	-34856,0071	8984,2654	-29856,0071	3984,2654	4	16				
264	72	-64856,0071	-86015,7346	-59856,0071	-91015,7346	0	0				
265	92	-59856,0071	-61015,7346	-54856,0071	-66015,7346	2	4				
266	174	-44856,0071	-96015,7346	-39856,0071	-101015,7346	0	0				
267	356	-4856,0071	-6015,7346	143,9929	-11015,7346	3	9				
268	191	-39856,0071	-56015,7346	-34856,0071	-61015,7346	3	9				
269	318	-14856,0071	-66015,7346	-9856,0071	-71015,7346	0	0				
270	313	-14856,0071	-41015,7346	-9856,0071	-46015,7346	0	0				
271	226	-29856,0071	18984,2654	-24856,0071	13984,2654	0	0				
272	108	-54856,0071	-16015,7346	-49856,0071	-21015,7346	0	0				
273	121	-54856,0071	-81015,7346	-49856,0071	-86015,7346	2	4				
274	167	-44856,0071	-61015,7346	-39856,0071	-66015,7346	2	4				
275	249	-29856,0071	-96015,7346	-24856,0071	-101015,7346	0	0				
276	483	20143,9929	-16015,7346	25143,9929	-21015,7346	0	0				
277	222	-34856,0071	-86015,7346	-29856,0071	-91015,7346	1	1				
278	184	-39856,0071	-21015,7346	-34856,0071	-26015,7346	6	36				
279	294	-19856,0071	-71015,7346	-14856,0071	-76015,7346	2	4				
280	189	-39856,0071	-46015,7346	-34856,0071	-51015,7346	7	49				
281	237	-29856,0071	-36015,7346	-24856,0071	-41015,7346	19	361				
282	283	-19856,0071	-16015,7346	-14856,0071	-21015,7346	4	16				
283	89	-59856,0071	-46015,7346	-54856,0071	-51015,7346	28	784				
284	118	-54856,0071	-66015,7346	-49856,0071	-71015,7346	4	16				
285	398	143,9929	-91015,7346	5143,9929	-96015,7346	0	0				
286	209	-34856,0071	-21015,7346	-29856,0071	-26015,7346	13	169				
287	385	143,9929	-26015,7346	5143,9929	-31015,7346	0	0				
288	277	-19856,0071	13984,2654	-14856,0071	8984,2654	2	4				
289	110	-54856,0071	-26015,7346	-49856,0071	-31015,7346	8	64				
290	217	-34856,0071	-61015,7346	-29856,0071	-66015,7346	1	1				
291	220	-34856,0071	-76015,7346	-29856,0071	-81015,7346	9	81				
292	94	-59856,0071	-71015,7346	-54856,0071	-76015,7346	4	16				
293	434	10143,9929	-21015,7346	15143,9929	-26015,7346	3	9				
294	310	-14856,0071	-26015,7346	-9856,0071	-31015,7346	2	4				
295	223	-34856,0071	-91015,7346	-29856,0071	-96015,7346	1	1				
296	85	-59856,0071	-26015,7346	-54856,0071	-31015,7346	7	49				
297	453	15143,9929	8984,2654	20143,9929	3984,2654	0	0				
298	207	-34856,0071	-11015,7346	-29856,0071	-16015,7346	1	1				
299	480	20143,9929	-1015,7346	25143,9929	-6015,7346	0	0				
300	113	-54856,0071	-41015,7346	-49856,0071	-46015,7346	7	49				
301	339	-9856,0071	-46015,7346	-4856,0071	-51015,7346	0	0				
302	289	-19856,0071	-46015,7346	-14856,0071	-51015,7346	0	0				
303	460	15143,9929	-26015,7346	20143,9929	-31015,7346	0	0				
304	258	-24856,0071	-16015,7346	-19856,0071	-21015,7346	10	100				
305	253	-24856,0071	8984,2654	-19856,0071	3984,2654	1	1				
306	314	-14856,0071	-46015,7346	-9856,0071	-51015,7346	0	0				
307	36	-69856,0071	-31015,7346	-64856,0071	-36015,7346	3	9				
308	197	-39856,0071	-86015,7346	-34856,0071	-91015,7346	1	1				
309	298	-19856,0071	-91015,7346	-14856,0071	-96015,7346	0	0				
310	259	-24856,0071	-21015,7346	-19856,0071	-26015,7346	12	144				
311	95	-59856,0071	-76015,7346	-54856,0071	-81015,7346	7	49				
312	211	-34856,0071	-31015,7346	-29856,0071	-36015,7346	3	9				
313	219	-34856,0071	-71015,7346	-29856,0071	-76015,7346	1	1				
314	170	-44856,0071	-76015,7346	-39856,0071	-81015,7346	0	0				
315	145	-49856,0071	-76015,7346	-44856,0071	-81015,7346	1	1				
316	148	-49856,0071	-91015,7346	-44856,0071	-96015,7346	0	0				
317	195	-39856,0071	-76015,7346	-34856,0071	-81015,7346	5	25				
318	292	-19856,0071	-61015,7346	-14856,0071	-66015,7346	0	0				
319	246	-29856,0071	-81015,7346	-24856,0071	-86015,7346	0	0				
320	12	-74856,0071	-36015,7346	-69856,0071	-41015,7346	0	0				
321	35	-69856,0071	-26015,7346	-64856,0071	-31015,7346	0	0				
322	14	-74856,0071	-46015,7346	-69856,0071	-51015,7346	0	0				
323	96	-59856,0071	-81015,7346	-54856,0071	-86015,7346	2	4				
324	328	-9856,0071	8984,2654	-4856,0071	3984,2654	0	0				
325	293	-19856,0071	-66015,7346	-14856,0071	-71015,7346	1	1				
326	154	-44856,0071	3984,2654	-39856,0071	-1015,7346	4	16				
327	136	-49856,0071	-31015,7346	-44856,0071	-36015,7346	7	49				
328	387	143,9929	-36015,7346	5143,9929	-41015,7346	1	1				
329	282	-19856,0071	-11015,7346	-14856,0071	-16015,7346	17	289				
330	456	15143,9929	-6015,7346	20143,9929	-11015,7346	0	0				
331	272	-24856,0071	-86015,7346	-19856,0071	-91015,7346	0	0				
332	242	-29856,0071	-61015,7346	-24856,0071	-66015,7346	1	1				
333	260	-24856,0071	-26015,7346	-19856,0071	-31015,7346	6	36				
334	131	-49856,0071	-6015,7346	-44856,0071	-11015,7346	1	1				
335	407	5143,9929	-11015,7346	10143,9929	-16015,7346	2	4				
336	83	-59856,0071	-16015,7346	-54856,0071	-21015,7346	0	0				
337	155	-44856,0071	-1015,7346	-39856,0071	-6015,7346	4	16				
338	71	-64856,0071	-81015,7346	-59856,0071	-86015,7346	12	144				
339	163	-44856,0071	-41015,7346	-39856,0071	-46015,7346	5	25				
						Soma	8109				
						Soma/N					
						VMR					
											
											
											
										3,948776	15,5928319
